1001 1008 1004 1000
1003 1004 1003 1006
1000 1009 1002 1008
1000 1001 1004 1007
1003 1003 1006 1002
1000 2411 1002 1004
2629 1001 1006 1001
1009 1007 1001 1004
1004 1000 1001 1000
1000 1002 1008 1004
1008 1006 1000 1008
1001 7392 1006 1002
4026 8398 1004 1006
1008 1001 1004 4582
1006 1004 1009 3188
1008 1009 3592 1009
1006 4407 1000 1006
1008 1003 1007 1009
1001 1001 1004 1003
1001 1006 1006 1007
1009 1003 1005 1008
1001 1007 1007 1003
1003 1007 1001 1008
1003 1004 1009 1004
1007 1008 4453 1002
1000 1003 1000 1006
9594 1005 1000 1001
1009 1003 1002 1003
1007 1003 1005 1008
8809 1006 5335 1001
1008 1001 1004 3440
1006 1006 1005 1001
1002 1008 1003 1004
1009 1006 1008 1005
1002 1006 6293 1005
1006 3895 1004 1005
1007 1004 1004 7488
1000 1001 1002 1009
1002 1003 1009 9318
1003 2961 1001 1009
1005 1008 1002 1004
1008 1006 1006 1007
1000 1006 1008 1009
1008 1008 1004 1004
1003 8268 1001 1007
1007 1004 1007 1003
1006 1009 1003 1001
1006 1001 1003 1002
1002 1002 1003 1002
1009 1005 1008 1007