91 17 35 78
74 43 58 28
94 17 23 16
33 99 16 54
49 64 92 63
39 65 55 71
37 54 26 46
11 69 27 34
35 36 12 93
77 19 45 75
29 38 10 88
12 72 50 22
95 45 37 62
41 18 15 46
35 87 46 81
35 12 30 61
44 83 13 47
53 86 86 40
13 28 72 11
30 71 66 62
64 98 16 24
83 68 48 61
91 63 40 59
33 28 63 97
43 44 50 91
55 42 78 19
11 69 62 98
27 57 36 98
56 97 70 80
29 42 86 39
14 14 92 41
15 34 51 45
47 14 27 51
95 73 31 22
53 23 22 78
55 10 47 32
58 12 13 83
18 65 25 54
69 64 29 41
26 88 36 51
16 41 87 38
84 76 90 18
53 38 85 87
44 48 70 66
60 84 73 82
90 56 38 94
79 33 59 57
24 70 86 74
52 57 85 49
24 60 96 56
20 28 36 74
75 92 45 20
58 85 60 38
67 17 40 81
67 52 77 18
93 37 77 24
83 17 10 40
55 93 72 21
22 22 76 94
19 30 95 79
85 64 61 21
43 27 98 11
23 96 62 78
21 45 80 77
82 99 89 24
89 74 25 52
90 52 50 84
99 21 65 31
84 39 56 33
68 59 51 15
92 37 35 26
11 48 75 97
76 82 23 79
66 49 30 32
59 44 88 42
15 44 46 16
12 65 99 79
25 70 20 94
18 17 36 41
32 47 50 32
89 39 13 96
40 81 39 28
73 30 67 93
27 14 96 49
33 20 90 82
89 73 97 80
95 34 80 72
57 46 37 60
31 15 25 34
42 53 63 29
76 23 34 26
48 31 31 71
20 68 32 69
71 43 54 19
29 68 43 25
10 81 13 58
19 14 66 87
75 88 67 42
26 91 21 61