137072
118197
198684
188496
169613
105733
188323
174587
190766
193585
175545
157032
163631
104553
111678
172595
145321
194829
176970
160783
191691
169580
118250
113004
192113
191882
173735
143224
176276
176871
120097
160085
121599
195889
127784
151762
101062
188887
166142
174800
118045
181358
165246
186201
183354
137703
110714
199834
155691
114418
159578
106112
150175
103114
165240
172387
174229
142892
152713
150007
106203
182944
190950
151866
135535
149665
137251
142557
126531
158267
151731
122438
192708
121219
169641
153064
172395
128327
133339
130780
175241
173050
147426
153070
140711
171015
187119
198248
140887
139035
189830
134709
146856
103327
143037
147370
175093
167513
110504
183887