3873 2827
3633 3209
3850 3284
3609 2602
3890 3249
3727 3037
3676 3060
3756 2817
3867 3173
3593 3056
3571 3387
3985 2674
3877 3002
3993 2512
3611 2540
3950 2820
3734 2781
3649 3220
3938 3246
3631 2900
3880 2574
3570 3169
3627 2590
3512 2791
3506 2924
3923 3311
3613 2834
3510 2545
3829 2987
3774 2763
3804 2612
3818 3361
3988 3353
3762 2808
3735 2647
3871 3467
3712 2880
3976 3451
3893 3178
3713 3159
3621 3294
3921 3406
3888 2943
3853 3488
3675 2689
3698 3163
3784 3393
3855 3422
3651 3279
3999 2956
3990 2518
3941 3491
3800 3067
3860 3081
3933 3351
3994 3386
3597 2538
3722 2650
3859 2536
3503 2643
3664 2739
3708 2636
3601 2948
3632 2547
3552 3031
3984 3473
3817 2531
3521 3125
3585 2628
3577 3107
3528 3022
3648 2991
3679 3403
3740 3289
3650 3408
3932 2530
4000 3170
3669 3382
3858 2912
3828 3206
3518 2676
3646 2696
3775 3442
3603 3286
3902 2842
3730 2876
3908 3324
3583 3320
3773 2718
3622 3259
3524 3302
3582 2875
3534 3126
3751 3141
3772 3363
3502 2839
3847 2853
3668 2965
3562 3445
3568 2795
3906 3309
3640 2803
3638 3496
3869 2902
3907 2587
3912 2534
3803 3401
3725 2998
3960 2638
3825 3457
3957 2557
3707 3142
3962 2701
3886 3400
3681 3144
3700 3702
3733 2749
3852 2660
3623 2591
3807 3471
3643 3293
3693 3440
3794 2651
3602 3143
3754 3425
3692 3215
3680 2537
3849 2996
3991 2744
3903 2560
3600 3047
3913 2794
3779 2949
3682 2521
3561 3064
3699 3463
3564 3112
10 10
3786 3151
3753 2610
3683 3322
3716 3315
3538 3373
3586 2807
3694 2613
3743 2823
3726 3370
3630 2581
3926 2752
3654 3233
3876 3495
3812 2972
3935 2959
3677 3447
3789 3434
3831 2513
3547 3087
3997 3167
3553 3487
3892 3299
3839 2928
3545 2906
3514 2840
3758 3367
3537 2954
3863 2633
3522 2844
3687 3305
7198 3600
3605 3494
3686 2760
3911 2788
3953 3469
3889 2549
3948 2930
3836 2825
3802 2885
3900 2922
3526 2796
3881 3478
3823 3388
3619 3415
3949 3156
3581 3437
3872 2586
3973 2597
3752 3210
3599 3314
3764 3327
3969 3083
3567 2672
3937 2772
3666 3033
3535 2884
3916 3267
3724 2901
3838 2667
3710 2639
3629 3402
3706 3346
3883 2785
3884 3154
3992 3312
3595 3427
3652 2553
3636 3336
3596 3231
3604 3040
3958 3429
3777 2983
3778 2801
3783 2645
3508 2997
3796 2570
3655 2874
3690 3244
3974 2936
3975 2527
3875 2843
3667 3371
3661 3268
3606 2854
3924 3486
3955 2913
3785 3032
3780 3162
3673 3472
3846 2668
3520 2698
3811 2860
3684 2883
3624 3474
3736 2697
3885 2738
3612 2872
3922 3003
3808 2891
3868 3076
3689 3041
3697 2845
3894 3069
3795 3232
3665 2607
3739 3352
3598 3316
3967 2609
3760 3123
3799 2909
3776 3436
3879 3188
3939 2769
3920 2673
3940 2694
3976 1989
3744 3410
3851 3005
3738 3026
3864 2619
3755 2618
3557 2593
3715 2855
3580 3313
3763 3456
3843 2640
3822 2895
3856 3364
3515 2802
3878 2914
3927 3015
3824 2578
3663 3482
3703 2961
3525 3044
3865 2737
3720 3242
3536 3058
3963 2670
7202 3602
3862 2679
3504 3203
3925 3102
3801 3201
3700 3700
3501 2916
3576 3362
3645 3051
3820 3377
3899 2733
3952 3459
3769 2728
3704 3199
3971 2873
3544 2611
3826 2793
3588 3135
3513 3418
3626 3219
3658 3045
3791 3175
3904 2904
3519 3405
3662 3341
3805 2742
3555 3108
3834 3368
3558 3189
3729 3430
3509 2774
3759 2978
3767 3253
3594 3480
3782 3116
3607 3423
3746 3124
3747 3411
3610 2585
3590 2976
3559 3109
3533 3277
3915 2819
3821 3252
3961 3354
3551 2974
3542 3103
3532 2693
3819 3500
3660 3256
3540 2783
3956 3153
3696 2669
3678 2519
3891 2686
3986 3095
3861 2631
3995 2814
3616 3089
3539 3054
3750 3196
3857 2804
3841 2741
3575 2720
3741 3071
3874 3061
3781 2508
3717 3372
3978 3038
3981 2683
3550 2567
3579 2727
3797 2532
3896 2915
3887 3413
3854 3330
3905 2778
3996 2558
3641 2798
3966 2899
3970 2621
3615 3266
3813 2691
3723 3345
3549 2851
3702 2717
3830 3000
3618 2627
3977 2810
3721 3298
3731 3114
3700 3701
3608 3046
3714 3018
3574 3325
3614 2500
3943 2626
3695 2771
3719 3243
3688 3297
3584 2596
3898 3008
3866 3245
3837 2934
3670 2925
3591 3461
3942 2608
3931 3385
3959 2786
3635 2543
3659 2622
3809 2967
3543 2824
3523 2516
3832 2890
3617 2935
3979 2963
3930 3148
3934 3009
3816 3485
3589 3053
3728 2910
3770 3090
3788 2816
3757 3479
3947 3176
3965 2657
3671 3024
3815 3384
3637 2986
3517 3234
3951 3214
3628 3079
3917 3394
3928 3421
3639 3465
3653 3292
3901 3139
3914 2836
3954 3334
3810 2665
3895 3235
3531 2787
3945 2792
3572 3122
3982 2917
3620 2809
3882 2600
3946 2811
3657 3228
3998 2955
3840 2700
3573 3490
3672 3068
3530 3118
3511 2677
3987 2940
3842 2759
3548 3149
3527 2684
3691 2614
3761 3390
3798 2629
3766 3052
3944 2850
3793 2692
3546 3177
3737 2599
3742 2992
3870 2990
3541 2871
3848 3347
3556 3042
3709 3238
3827 2970
3566 2637
3554 3195
3507 3098
3792 3257
3674 3409
3918 2838
3529 3200
3929 3444
3685 2920
3745 2878
3844 3136
3705 3048
3806 3348
3936 3072
3835 2995
7200 3601
3642 2921
3919 3247
3748 2846
3569 2695
3634 2775
3749 3355
3845 3376
3563 3489
3771 2756
3964 3397
3647 3155
3768 3274
3656 3099
3587 3019
3968 2828
3711 3029
3625 3420
3787 2526
3644 3096
3701 2522
3592 2592
3578 2634
3814 2929
3989 2573
3516 2969
3732 2918
3983 2889
3909 2620
3897 2715
3505 2705
3972 3084
3718 2829
3790 2556
3833 2579