2574
3751
4420
5175
6565
8533
4012
4857
8778
3750
2764
2171
5650
1675
7786
7193
7191
6364
2692
5908
5692
3757
2035
3641
3725
9581
8006
4398
4669
7788
8092
3499
2397
8036
7747
5242
9057
2325
9535
5214
3067
5994
6020
4637
6851
5813
5219
7977
7383
2557
4167
6247
5964
8103
6583
8046
6305
6559
1334
4974
6658
6957
2300
8064
1878
5523
8053
9535
5837
1885
7394
5498
6641
8977
5377
5770
9077
3968
4527
8001
1970
7011
6479
1683
8508
1758
6861
7841
6386
3605
4072
7848
3878
6039
8770
6286
2611
9873
1493
4855
6775
4146
3795
8329
3357
2782
6138
2617
3016
8332
9799
4347
1242
7484
6122
3588
7909
5227
4501
4609
1382
6936
9348
7187
2777
2543
7269
6657
8080
8801
4573
6142
5615
6346
4644
2527
9779
7287
6836
5028
1260
2598
8517
7611
4287
2556
4838
6995
9821
2543
8786
5877
8594
8259
3657
1819
4654
3887
5675
1603
2332
4049
7346
5904
6249
9985
4646
4532
1046
3102
5282
7146
3837
7687
4365
4621
9150
7770
2852
4153
8685
3634
2393
2982
8071
7422
2035
5391
7915
5834
5667
5893
7667
6629
7834
5365
9189
5963
8801
4777