27954151
27751096
27075406
27163484
27524840
27832060
27129346
27790987
27037155
27229875
27667278
27856688
27857428
27732135
27469078
27544688
27907364
27420358
27702267
27978595
27404481
27012159
27093813
27922097
27032509
27979911
27076838
27811186
27726365
27248352
27071064
27148422
27807016
27614728
27194810
27103175
27281187
27740106
27448163
27600976
27116770
27105503
27753563
27137807
27802300
27540244
27972746
27428480
27227000
27351491
27101927
27784679
27359011
27841750
27406216
27556335
27232784
27058993
27264725
27543977
27918294
27924186
27613368
27230223
27546822
27789751
27474738
27409131
27265105
27820801
27535250
27615272
27205812
27935204
27227896
27281379
27533069
27615605
27483233
27033960
27244922
27763969
27244959
27987570
27007173
27507481
27152113
27022533
27643100
27523645
27775928
27147831
27993927
27670515
27999998
27798913
27076646
27401804
27518446
27984678
27129765
27469835
27449057
27365035
27571397
27608765
27415587
27538439
27233202
27006689
27638013
27022122
27090936
27292380
27693691
27277337
27973409
27144451
27460635
27008663
27900920
27227108
27847611
27764521
27938447
27021831
27052609
27678542
27553198
27742803
27090096
27522726
27333096
27952141
27911042
27089550
27035208
27929586
27830519
27492894
27790180
27113470
27404941
27776421
27095031
27838582
27693743
27073730
27143656
27460166
27283796
27295338
27478995
27298861
27072281
27553623
27593246
27174327
27679534
27730134
27567555
27925442
27847668
27239870
27360401
27431459
27777251
27445442
27360275
27647742
27965065
27027786
27448330
27199523
27600073
27792448
27613756
27716766
27426014
27509894
27015785
27026952
27697591
27149372
27958115
27492051
27579875
27984160
27256305
27218742
27203597
27860896
27808680
27435065
27449474
27886591
27727610
27823687
27469551
27676700
27037701
27935853
27170652
27617823
27541048
27496787
27442346
27440044
27420549
27926933
27166527
27344825
27445367
27007595
27576709
27053939
27441398
27106828
27955639
27120146
27077090
27063568
27742902
27139251
27533547
27177015
27292817
27871641
27299078
27986913
27407988
27110677
27616976
27890279
27937153
27590755
27099266
27862926
27089160
27766820
27754035
27607405
27250477
27879640
27015696
27251087
27741410
27882288
27099975
27027173
27400006
27476760
27439806
27463724
27899824
27143238
27439126
27109843
27573527
27056406
27551315
27861929
27384457
27043845
27320455
27259724
27040267
27916223
27210347
27756337
27592406
27483899
27445822
27971786
27124905
27384359
27004409
27518528
27486690
27469618
27361644
27180985
27246967
27938947
27589678
27617704
27643871
27771237
27433990
27729547
27326116
27239594
27745488
27121990
27390426
27097460
27900961
27449070
27563473
27271139
27263816
27469860
27296248
27932467
27522702
27278132
27371262
27536061
27920042
27379749
27873362
27397014
27819757
27196033
27875778
27085796
27750321
27055651
27738587
27016657
27706714
27886446
27412081
27403973
27162592
27173378
27450213
27035718
27015334
27961041
27206905
27354252
27320561
27956856
27169436
27935482
27005841
27505991
27855761
27979736
27340112
27723815
27371859
27732675
27753878
27872062
27306059
27864240
27848624
27014585
27145651
27091032
27384478
27815171
27141789
27182709
27679730
27984204
27749174
27422482
27101944
27515953
27401916
27249769
27249990
27719405
27363937
27276800
27398533
27409631
27698108
27576070
27364427
27291263
27087061
27673142
27996709
27876219
27088245
27941962
27713434
27012100
27329871
27800536
27046190
27209683
27364009
27326121
27116682
27204897
27090023
27043497
27546752
27848263
27517902
27324275
27151397
27339012
27938735
27637828
27457480
27734467
27804955
27414732
27955463
27465384
27400207
27237305
27667648
27155390
27650046
27066052
27795877
27160714
27066553
27896617
27264129
27330052
27080638
27385854
27078232
27338742
27414783
27983475
27652967
27055117
27096786
27342271
27999408
27005710
27586666
27282849
27375297
27621316
27604291
27646007
27214102
27022589
27183626
27773637
27152668
27243431
27838524
27592240
27353713
27442848
27383622
27502586
27074874
27237368
27942046
27614851
27092578
27992497
27402846
27438319
27936592
27070715
27231921
27503547
27256324
27506203
27307657
27147666
27115539
27779646
27878797
27278193
27681803
27965783
27838313
27074634
27032969
27335000
27549307
27459656
27953480
27504183
27584739
27751057
27905478
27807775
27322466
27470202
27823986
27021095
27696121
27740855
27254843
27688332
27495805
27899825
27742566
27672186
27760488
27273909
27157077
27299806
27772082
27990348